0 0.171875 0.1921875 0.08671875 0.15859375
0 0.234375 0.36640625 0.16796875 0.1203125
0 0.2171875 0.09921875 0.08125 0.06953125
0 0.375 0.58515625 0.1171875 0.26953125
0 0.40625 0.43671875 0.128125 0.17890625
0 0.5359375 0.3453125 0.08984375 0.21171875
0 0.5765625 0.42578125 0.096875 0.240625
0 0.60859375 0.61796875 0.13046875 0.22734375
0 0.715625 0.675 0.1265625 0.24140625
0 0.871875 0.528125 0.12421875 0.17421875
0 0.9125 0.57421875 0.1671875 0.19140625
0 0.9671875 0.2453125 0.03984375 0.10859375