0 0.1453125 0.65859375 0.28984375 0.68046875
0 0.25625 0.346875 0.015625 0.015625
0 0.38359375 0.5296875 0.2390625 0.31953125
0 0.44140625 0.60390625 0.35390625 0.56796875
0 0.346875 0.35234375 0.0171875 0.02265625
0 0.4703125 0.43828125 0.0453125 0.1359375
0 0.61328125 0.35390625 0.0234375 0.02265625
0 0.659375 0.3734375 0.01953125 0.03046875
0 0.82890625 0.53046875 0.34140625 0.40546875
0 0.66875 0.34765625 0.01796875 0.0171875
0 0.70078125 0.36171875 0.0203125 0.02890625
0 0.72421875 0.3640625 0.01328125 0.021875
0 0.8234375 0.36875 0.0234375 0.02734375
0 0.87421875 0.3671875 0.01796875 0.01796875
0 0.9125 0.3671875 0.02421875 0.02421875